ExpSaltDep-OAMe.txt
     Name                 Slope       Interc.      R^2           RMSE          MSE          MUE          TAU
-5.23625248707 0.0456495910301 -7.88 0.24
-5.03768621742 0.0316947708489 -6.97 0.33
-5.93646919304 0.122422091424 -8.82 0.24
-2.38338171345 0.0211585230612 -0.6 0.27
-3.903599935 0.0190832126608 -6.64 0.24
-4.51543033573 0.0202288728896 -7.04 0.25
-6.05713664695 0.24
-5.14713664695 0.33
-6.99713664695 0.24
1.22286335305 0.27
-4.81713664695 0.24
-5.21713664695 0.25
                   APR-OPC.txt    2.20   0.11    5.40   0.50    0.88   0.03    1.66   0.11   -0.00   0.11    1.23   0.10    0.88   0.11
-5.23625248707 0.0456495910301 -7.61 0.21
-5.03768621742 0.0316947708489 -6.99 0.3
-5.93646919304 0.122422091424 -7.34 0.22
-2.38338171345 0.0211585230612 -1.99 0.23
-3.903599935 0.0190832126608 -5.3 0.22
-4.51543033573 0.0202288728896 -6.02 0.21
-6.23713664695 0.21
-5.61713664695 0.3
-5.96713664695 0.22
-0.617136646951 0.23
-3.92713664695 0.22
-4.64713664695 0.21
                 APR-TIP3P.txt    1.62   0.10    2.80   0.43    0.92   0.03    0.89   0.09    0.00   0.10    0.66   0.08    0.86   0.09
-5.23625248707 0.0456495910301 -7.49 0.07
-5.03768621742 0.0316947708489 -10.6 0.07
-5.93646919304 0.122422091424 -16.19 0.08
-2.38338171345 0.0211585230612 -2.44 0.1
-3.903599935 0.0190832126608 -14.45 0.07
-4.51543033573 0.0202288728896 -8.87 0.06
-1.98546998028 0.07
-5.09546998028 0.07
-10.6854699803 0.08
3.06453001972 0.1
-8.94546998028 0.07
-3.36546998028 0.06
                     BEDAM.txt    2.67   0.06    7.53   0.25    0.45   0.02    3.86   0.04    0.00   0.04    3.29   0.04    0.33   0.00
-5.23625248707 0.0456495910301 0.0 0.0
-5.03768621742 0.0316947708489 -11.5 0.0
-5.93646919304 0.122422091424 -10.1 0.0
-2.38338171345 0.0211585230612 5.3 0.0
-3.903599935 0.0190832126608 -5.5 0.0
-4.51543033573 0.0202288728896 -19.8 0.0
2.43119668638 0.0
-9.06880331362 0.0
-7.66880331362 0.0
7.73119668638 0.0
-3.06880331362 0.0
-17.3688033136 0.0
           CCSD(T)-neutral.txt    3.73   0.14   12.29   0.58    0.27   0.01    7.60   0.01   -0.00   0.02    6.21   0.02    0.20   0.00
-5.23625248707 0.0456495910301 0.0 0.0
-5.03768621742 0.0316947708489 -1.9 0.0
-5.93646919304 0.122422091424 1.3 0.0
-2.38338171345 0.0211585230612 12.9 0.0
-3.903599935 0.0190832126608 9.2 0.0
-4.51543033573 0.0202288728896 -1.8 0.0
-7.78546998028 0.0
-9.68546998028 0.0
-6.48546998028 0.0
5.11453001972 0.0
1.41453001972 0.0
-9.58546998028 0.0
               DFT-charged.txt    4.14   0.16   14.13   0.63    0.68   0.02    4.81   0.01    0.00   0.02    4.27   0.02    0.33   0.00
-5.23625248707 0.0456495910301 0.0 0.0
-5.03768621742 0.0316947708489 -9.4 0.0
-5.93646919304 0.122422091424 -11.2 0.0
-2.38338171345 0.0211585230612 5.5 0.0
-3.903599935 0.0190832126608 -4.5 0.0
-4.51543033573 0.0202288728896 -15.8 0.0
1.39786335305 0.0
-8.00213664695 0.0
-9.80213664695 0.0
6.89786335305 0.0
-3.10213664695 0.0
-14.402136647 0.0
               DFT-neutral.txt    3.91   0.12   13.11   0.47    0.39   0.01    6.48   0.02   -0.00   0.02    5.57   0.02    0.33   0.00
-5.23625248707 0.0456495910301 -2.56 0.72
-5.03768621742 0.0316947708489 -2.79 0.72
-5.93646919304 0.122422091424 -0.84 0.72
-2.38338171345 0.0211585230612 -0.09 2.39
-3.903599935 0.0190832126608 0.69 0.72
-4.51543033573 0.0202288728896 0.05 1.2
-6.13880331362 0.72
-6.36880331362 0.72
-4.41880331362 0.72
-3.66880331362 2.39
-2.88880331362 0.72
-3.52880331362 1.2
              Metadynamics.txt    0.62   0.68   -1.69   3.42    0.30   0.26    1.65   0.49    0.00   0.51    1.39   0.38    0.33   0.26
-5.23625248707 0.0456495910301 -0.24 0.09
-5.03768621742 0.0316947708489 0.52 0.16
-5.93646919304 0.122422091424 -4.42 0.13
-2.38338171345 0.0211585230612 -8.34 0.07
-3.903599935 0.0190832126608 -2.69 0.23
-4.51543033573 0.0202288728896 -0.58 0.08
-2.11713664695 0.09
-1.35713664695 0.16
-6.29713664695 0.13
-10.217136647 0.07
-4.56713664695 0.23
-2.45713664695 0.08
               MMPBSA-GAFF.txt   -1.69   0.11  -12.10   0.47    0.40   0.04    3.86   0.04    0.00   0.06    2.95   0.06   -0.33   0.01
-5.23625248707 0.0456495910301 -4.8 0.0
-5.03768621742 0.0316947708489 -5.76 0.0
-5.93646919304 0.122422091424 -6.85 0.0
-2.38338171345 0.0211585230612 -11.41 0.0
-3.903599935 0.0190832126608 -6.71 0.0
-4.51543033573 0.0202288728896 -7.46 0.0
-2.13713664695 0.0
-3.09713664695 0.0
-4.18713664695 0.0
-8.74713664695 0.0
-4.04713664695 0.0
-4.79713664695 0.0
                  MovTyp-1.txt   -1.51   0.06  -11.29   0.26    0.68   0.03    3.08   0.02    0.00   0.02    2.26   0.02   -0.47   0.00
-5.23625248707 0.0456495910301 -3.49 0.0
-5.03768621742 0.0316947708489 -4.65 0.0
-5.93646919304 0.122422091424 -6.95 0.0
-2.38338171345 0.0211585230612 -11.63 0.0
-3.903599935 0.0190832126608 -5.88 0.0
-4.51543033573 0.0202288728896 -8.13 0.0
-1.20380331362 0.0
-2.36380331362 0.0
-4.66380331362 0.0
-9.34380331362 0.0
-3.59380331362 0.0
-5.84380331362 0.0
                  MovTyp-2.txt   -1.69   0.08  -12.09   0.33    0.53   0.03    3.54   0.01   -0.00   0.02    2.76   0.02   -0.47   0.00
-5.23625248707 0.0456495910301 -4.2059 0.8373
-5.03768621742 0.0316947708489 -7.1654 0.6812
-5.93646919304 0.122422091424 -6.5466 1.5015
-2.38338171345 0.0211585230612 -9.9533 2.4739
-3.903599935 0.0190832126608 -2.6197 0.6846
-4.51543033573 0.0202288728896 -7.0498 0.3907
-2.45125331362 0.8373
-5.41075331362 0.6812
-4.79195331362 1.5015
-8.19865331362 2.4739
-0.865053313618 0.6846
-5.29515331362 0.3907
              PERT-bound-c.txt   -0.81   0.74   -8.16   3.63    0.18   0.15    3.15   0.77   -0.00   0.53    2.43   0.49   -0.13   0.20
-5.23625248707 0.0456495910301 -6.1526 0.9868
-5.03768621742 0.0316947708489 -7.1654 0.6812
-5.93646919304 0.122422091424 -6.5466 1.5015
-2.38338171345 0.0211585230612 -9.9533 2.4739
-3.903599935 0.0190832126608 -2.6197 0.6846
-4.51543033573 0.0202288728896 -7.0498 0.3907
-4.07350331362 0.9868
-5.08630331362 0.6812
-4.46750331362 1.5015
-7.87420331362 2.4739
-0.540603313618 0.6846
-4.97070331362 0.3907
                PERT-bound.txt   -0.62   0.75   -7.31   3.65    0.16   0.14    2.94   0.78   -0.00   0.54    2.16   0.49   -0.10   0.24
-5.23625248707 0.0456495910301 -4.2402 0.4387
-5.03768621742 0.0316947708489 -5.3244 0.3978
-5.93646919304 0.122422091424 -6.5466 1.5015
-2.38338171345 0.0211585230612 -10.541 1.0574
-3.903599935 0.0190832126608 -2.6197 0.6846
-4.51543033573 0.0202288728896 -7.0498 0.3907
-2.68871998028 0.4387
-3.77291998028 0.3978
-4.99511998028 1.5015
-8.98951998028 1.0574
-1.06821998028 0.6846
-5.49831998028 0.3907
              PERT-hrex-c1.txt   -1.09   0.41   -9.42   1.84    0.25   0.14    3.29   0.39   -0.00   0.35    2.61   0.30   -0.19   0.13
-5.23625248707 0.0456495910301 -4.288 0.0243
-5.03768621742 0.0316947708489 -4.73504 0.3246
-5.93646919304 0.122422091424 -6.5466 1.5015
-2.38338171345 0.0211585230612 -6.6974 0.3111
-3.903599935 0.0190832126608 -2.6197 0.6846
-4.51543033573 0.0202288728896 -5.3403 1.0884
-3.75229664695 0.0243
-4.19933664695 0.3246
-6.01089664695 1.5015
-6.16169664695 0.3111
-2.08399664695 0.6846
-4.80459664695 1.0884
              PERT-hrex-c2.txt   -0.08   0.30   -4.86   1.18    0.06   0.10    2.02   0.20   -0.00   0.34    1.67   0.23    0.02   0.19
-5.23625248707 0.0456495910301 -6.4207 0.7757
-5.03768621742 0.0316947708489 -5.3244 0.3978
-5.93646919304 0.122422091424 -6.5466 1.5015
-2.38338171345 0.0211585230612 -10.541 1.0574
-3.903599935 0.0190832126608 -2.9185 0.7333
-4.51543033573 0.0202288728896 -7.0498 0.3907
-4.45600331362 0.7757
-3.35970331362 0.3978
-4.58190331362 1.5015
-8.57630331362 1.0574
-0.953803313618 0.7333
-5.08510331362 0.3907
               PERT-hrex-c.txt   -0.91   0.42   -8.60   1.86    0.21   0.14    3.07   0.40    0.00   0.37    2.33   0.32   -0.09   0.17
-5.23625248707 0.0456495910301 -6.4207 0.7757
-5.03768621742 0.0316947708489 -5.3244 0.3978
-5.93646919304 0.122422091424 -6.5466 1.5015
-2.38338171345 0.0211585230612 -10.541 1.0574
-3.903599935 0.0190832126608 -2.9185 0.7333
-4.51543033573 0.0202288728896 -7.0498 0.3907
-4.45600331362 0.7757
-3.35970331362 0.3978
-4.58190331362 1.5015
-8.57630331362 1.0574
-0.953803313618 0.7333
-5.08510331362 0.3907
                 PERT-hrex.txt   -0.91   0.42   -8.59   1.85    0.21   0.14    3.07   0.40   -0.00   0.36    2.33   0.32   -0.09   0.17
-5.23625248707 0.0456495910301 -8.38 0.11
-5.03768621742 0.0316947708489 -9.21 0.74
-5.93646919304 0.122422091424 -9.1 0.03
-2.38338171345 0.0211585230612 -5.01 0.13
-3.903599935 0.0190832126608 -8.41 0.74
-4.51543033573 0.0202288728896 -7.3 0.17
-4.98046998028 0.11
-5.81046998028 0.74
-5.70046998028 0.03
-1.61046998028 0.13
-5.01046998028 0.74
-3.90046998028 0.17
                    SOMD-1.txt    1.11   0.09    0.49   0.46    0.73   0.12    0.80   0.22   -0.00   0.18    0.65   0.16    0.56   0.16
-5.23625248707 0.0456495910301 -8.44 0.03
-5.03768621742 0.0316947708489 -9.26 0.68
-5.93646919304 0.122422091424 -9.09 0.01
-2.38338171345 0.0211585230612 -5.04 0.21
-3.903599935 0.0190832126608 -8.36 0.81
-4.51543033573 0.0202288728896 -7.29 0.16
-5.02880331362 0.03
-5.84880331362 0.68
-5.67880331362 0.01
-1.62880331362 0.21
-4.94880331362 0.81
-3.87880331362 0.16
                    SOMD-2.txt    1.11   0.10    0.50   0.54    0.74   0.13    0.79   0.23   -0.00   0.18    0.64   0.16    0.57   0.17
-5.23625248707 0.0456495910301 -6.78 0.03
-5.03768621742 0.0316947708489 -7.59 0.67
-5.93646919304 0.122422091424 -7.42 0.01
-2.38338171345 0.0211585230612 -3.36 0.21
-3.903599935 0.0190832126608 -6.69 0.81
-4.51543033573 0.0202288728896 -5.61 0.16
-5.04046998028 0.03
-5.85046998028 0.67
-5.68046998028 0.01
-1.62046998028 0.21
-4.95046998028 0.81
-3.87046998028 0.16
                    SOMD-3.txt    1.12   0.10    0.52   0.54    0.74   0.13    0.79   0.22   -0.00   0.18    0.65   0.16    0.57   0.17
-5.23625248707 0.0456495910301 -14.02 0.55
-5.03768621742 0.0316947708489 -14.6 0.67
-5.93646919304 0.122422091424 5.85 0.01
-2.38338171345 0.0211585230612 -12.4 0.04
-3.903599935 0.0190832126608 8.67 0.94
-4.51543033573 0.0202288728896 -11.97 0.08
-12.1104699803 0.55
-12.6904699803 0.67
7.75953001972 0.01
-10.4904699803 0.04
10.5795300197 0.94
-10.0604699803 0.08
                    SOMD-4.txt   -1.44   0.18  -11.00   0.88    0.03   0.01   10.01   0.25   -0.00   0.22    9.39   0.21    0.10   0.06
-5.23625248707 0.0456495910301 0.0 0.28
-5.03768621742 0.0316947708489 -2.32 0.13
-5.93646919304 0.122422091424 0.66 0.19
-2.38338171345 0.0211585230612 -6.37 0.27
-3.903599935 0.0190832126608 -0.06 0.07
-4.51543033573 0.0202288728896 -0.35 0.1
-3.09546998028 0.28
-5.41546998028 0.13
-2.43546998028 0.19
-9.46546998028 0.27
-3.15546998028 0.07
-3.44546998028 0.1
          MMPBSA-OPLS-OAMe.txt   -1.71   0.10  -12.20   0.44    0.65   0.02    3.39   0.11    0.00   0.08    2.49   0.08   -0.53   0.09
-5.23625248707 0.0456495910301 0.0 0.0
-5.03768621742 0.0316947708489 0.0 0.0
-5.93646919304 0.122422091424 0.0 0.0
-2.38338171345 0.0211585230612 0.0 0.0
-3.903599935 0.0190832126608 0.0 0.0
-4.51543033573 0.0202288728896 0.0 0.0
-4.50213664695 0.0
-4.50213664695 0.0
-4.50213664695 0.0
-4.50213664695 0.0
-4.50213664695 0.0
-4.50213664695 0.0
                      Null.txt    0.00   0.00   -4.50   0.00    0.00   0.00    1.14   0.03   -0.00   0.02    0.91   0.02    -nan   -nan
ExpSaltDep-OAH.txt
ExpSaltDep-OAMe.txt
     Name                 Slope       Interc.      R^2           RMSE          MSE          MUE          TAU
-5.23625248707 0.0456495910301 -4.0 1.0
-5.03768621742 0.0316947708489 -5.5 1.0
-5.93646919304 0.122422091424 -5.0 1.0
-2.38338171345 0.0211585230612 -7.0 1.0
-3.903599935 0.0190832126608 -6.0 1.0
-4.51543033573 0.0202288728896 -6.0 1.0
-2.91880331362 1.0
-4.41880331362 1.0
-3.91880331362 1.0
-5.91880331362 1.0
-4.91880331362 1.0
-4.91880331362 1.0
                      Dumb.txt   -0.68   0.36   -7.59   1.68    0.43   0.25    2.18   0.39   -0.00   0.41    1.81   0.35   -0.49   0.25
ExpSaltDep-OAMe.txt
     Name                 Slope       Interc.      R^2           RMSE          MSE          MUE          TAU
-5.23625248707 0.0456495910301 -3.86 1.0
-5.03768621742 0.0316947708489 -7.2 1.0
-5.93646919304 0.122422091424 -6.09 1.0
-2.38338171345 0.0211585230612 -10.54 1.0
-3.903599935 0.0190832126608 -8.32 1.0
-4.51543033573 0.0202288728896 -8.32 1.0
-0.973803313618 1.0
-4.31380331362 1.0
-3.20380331362 1.0
-7.65380331362 1.0
-5.43380331362 1.0
-5.43380331362 1.0
                     Null2.txt   -1.52   0.36  -11.35   1.69    0.61   0.17    3.22   0.40   -0.00   0.41    2.66   0.37   -0.69   0.15
