ExpAllAvg.txt
     Name                 Slope       Interc.      R^2           RMSE          MSE          MUE          TAU
-5.21856633114 0.100836123519 -6.09 0.28
-4.48360129612 0.135498050524 -5.16 0.23
-4.77599594321 0.165651987139 -7.79 0.24
-9.36979858682 0.00238786242866 -11.35 0.29
-4.10934774828 0.225623739586 -6.42 0.25
-5.11735378406 0.12480335938 -6.41 0.32
-5.34965147997 0.068082129812 -7.88 0.24
-5.14385733565 0.062871650846 -6.97 0.33
-5.83321300607 0.0810465133249 -8.82 0.24
-2.38338171345 0.0211585230612 -0.6 0.27
-3.903599935 0.0190832126608 -6.64 0.24
-4.47607500467 0.0460972030399 -7.04 0.25
-4.39911061494 0.28
-3.46911061494 0.23
-6.09911061494 0.24
-9.65911061494 0.29
-4.72911061494 0.25
-4.71911061494 0.32
-6.06996307914 0.24
-5.15996307914 0.33
-7.00996307914 0.24
1.21003692086 0.27
-4.82996307914 0.24
-5.22996307914 0.25
                   APR-OPC.txt    1.33   0.06    1.67   0.29    0.75   0.03    1.33   0.08   -0.00   0.08    1.00   0.08    0.56   0.07
-5.21856633114 0.100836123519 -6.5 0.23
-4.48360129612 0.135498050524 -5.42 0.22
-4.77599594321 0.165651987139 -6.82 0.23
-9.36979858682 0.00238786242866 -12.34 0.23
-4.10934774828 0.225623739586 -4.77 0.24
-5.11735378406 0.12480335938 -6.46 0.23
-5.34965147997 0.068082129812 -7.61 0.21
-5.14385733565 0.062871650846 -6.99 0.3
-5.83321300607 0.0810465133249 -7.34 0.22
-2.38338171345 0.0211585230612 -1.99 0.23
-3.903599935 0.0190832126608 -5.3 0.22
-4.47607500467 0.0460972030399 -6.02 0.21
-4.9607772816 0.23
-3.8807772816 0.22
-5.2807772816 0.23
-10.8007772816 0.23
-3.2307772816 0.24
-4.9207772816 0.23
-6.24996307914 0.21
-5.62996307914 0.3
-5.97996307914 0.22
-0.629963079136 0.23
-3.93996307914 0.22
-4.65996307914 0.21
                 APR-TIP3P.txt    1.41   0.04    2.03   0.24    0.94   0.02    0.84   0.07   -0.00   0.07    0.65   0.07    0.78   0.06
-5.21856633114 0.100836123519 -2.17 0.06
-4.48360129612 0.135498050524 -6.3 0.06
-4.77599594321 0.165651987139 -15.41 0.06
-9.36979858682 0.00238786242866 -6.29 0.08
-4.10934774828 0.225623739586 -11.25 0.06
-5.11735378406 0.12480335938 -7.38 0.06
-5.34965147997 0.068082129812 -7.49 0.07
-5.14385733565 0.062871650846 -10.6 0.07
-5.83321300607 0.0810465133249 -16.19 0.08
-2.38338171345 0.0211585230612 -2.44 0.1
-3.903599935 0.0190832126608 -14.45 0.07
-4.47607500467 0.0460972030399 -8.87 0.06
0.450889385064 0.06
-3.67911061494 0.06
-12.7891106149 0.06
-3.66911061494 0.08
-8.62911061494 0.06
-4.75911061494 0.06
-1.99829641247 0.07
-5.10829641247 0.07
-10.6982964125 0.08
3.05170358753 0.1
-8.95829641247 0.07
-3.37829641247 0.06
                     BEDAM.txt    0.34   0.06   -3.32   0.32    0.01   0.01    4.49   0.04   -0.00   0.04    3.75   0.04    0.01   0.04
-5.21856633114 0.100836123519 0.0 0.0
-4.48360129612 0.135498050524 -6.9 0.0
-4.77599594321 0.165651987139 3.6 0.0
-9.36979858682 0.00238786242866 -20.9 0.0
-4.10934774828 0.225623739586 -8.9 0.0
-5.11735378406 0.12480335938 -13.1 0.0
-5.34965147997 0.068082129812 0.0 0.0
-5.14385733565 0.062871650846 -11.5 0.0
-5.83321300607 0.0810465133249 -10.1 0.0
-2.38338171345 0.0211585230612 5.3 0.0
-3.903599935 0.0190832126608 -5.5 0.0
-4.47607500467 0.0460972030399 -19.8 0.0
2.18755605173 0.0
-4.71244394827 0.0
5.78755605173 0.0
-18.7124439483 0.0
-6.71244394827 0.0
-10.9124439483 0.0
2.4183702542 0.0
-9.0816297458 0.0
-7.6816297458 0.0
7.7183702542 0.0
-3.0816297458 0.0
-17.3816297458 0.0
           CCSD(T)-neutral.txt    3.02   0.09   10.12   0.48    0.34   0.02    7.32   0.03   -0.00   0.03    6.11   0.03    0.29   0.04
-5.21856633114 0.100836123519 0.0 0.0
-4.48360129612 0.135498050524 -1.1 0.0
-4.77599594321 0.165651987139 -3.4 0.0
-9.36979858682 0.00238786242866 -12.6 0.0
-4.10934774828 0.225623739586 -9.2 0.0
-5.11735378406 0.12480335938 -17.2 0.0
-5.34965147997 0.068082129812 0.0 0.0
-5.14385733565 0.062871650846 -1.9 0.0
-5.83321300607 0.0810465133249 1.3 0.0
-2.38338171345 0.0211585230612 12.9 0.0
-3.903599935 0.0190832126608 9.2 0.0
-4.47607500467 0.0460972030399 -1.8 0.0
1.73755605173 0.0
0.637556051731 0.0
-1.66244394827 0.0
-10.8624439483 0.0
-7.46244394827 0.0
-15.4624439483 0.0
-7.79829641247 0.0
-9.69829641247 0.0
-6.49829641247 0.0
5.10170358753 0.0
1.40170358753 0.0
-9.59829641247 0.0
               DFT-charged.txt    2.06   0.07    5.30   0.39    0.29   0.02    5.34   0.03    0.00   0.03    4.66   0.03    0.40   0.04
-5.21856633114 0.100836123519 0.0 0.0
-4.48360129612 0.135498050524 -3.8 0.0
-4.77599594321 0.165651987139 1.7 0.0
-9.36979858682 0.00238786242866 -13.9 0.0
-4.10934774828 0.225623739586 -5.0 0.0
-5.11735378406 0.12480335938 -10.2 0.0
-5.34965147997 0.068082129812 0.0 0.0
-5.14385733565 0.062871650846 -9.4 0.0
-5.83321300607 0.0810465133249 -11.2 0.0
-2.38338171345 0.0211585230612 5.5 0.0
-3.903599935 0.0190832126608 -4.5 0.0
-4.47607500467 0.0460972030399 -15.8 0.0
-0.312443948269 0.0
-4.11244394827 0.0
1.38755605173 0.0
-14.2124439483 0.0
-5.31244394827 0.0
-10.5124439483 0.0
1.38503692086 0.0
-8.01496307914 0.0
-9.81496307914 0.0
6.88503692086 0.0
-3.11496307914 0.0
-14.4149630791 0.0
               DFT-neutral.txt    2.43   0.06    7.19   0.33    0.36   0.02    5.56   0.02    0.00   0.03    4.71   0.03    0.29   0.04
-5.21856633114 0.100836123519 -3.08 0.72
-4.48360129612 0.135498050524 -2.91 0.72
-4.77599594321 0.165651987139 -2.26 0.72
-9.36979858682 0.00238786242866 -7.94 0.72
-4.10934774828 0.225623739586 -1.32 0.72
-5.11735378406 0.12480335938 -3.33 0.72
-5.34965147997 0.068082129812 -2.56 0.72
-5.14385733565 0.062871650846 -2.79 0.72
-5.83321300607 0.0810465133249 -0.84 0.72
-2.38338171345 0.0211585230612 -0.09 2.39
-3.903599935 0.0190832126608 0.69 0.72
-4.47607500467 0.0460972030399 0.05 1.2
-5.11911061494 0.72
-4.94911061494 0.72
-4.29911061494 0.72
-9.97911061494 0.72
-3.35911061494 0.72
-5.36911061494 0.72
-6.1516297458 0.72
-6.3816297458 0.72
-4.4316297458 0.72
-3.6816297458 2.39
-2.9016297458 0.72
-3.5416297458 1.2
              Metadynamics.txt    1.02   0.24    0.10   1.40    0.62   0.18    1.30   0.32    0.00   0.29    1.03   0.22    0.50   0.14
-5.21856633114 0.100836123519 -2.26 0.06
-4.48360129612 0.135498050524 0.39 0.05
-4.77599594321 0.165651987139 -5.59 0.22
-9.36979858682 0.00238786242866 -7.37 0.09
-4.10934774828 0.225623739586 -4.7 0.15
-5.11735378406 0.12480335938 -2.04 0.06
-5.34965147997 0.068082129812 -0.24 0.09
-5.14385733565 0.062871650846 0.52 0.16
-5.83321300607 0.0810465133249 -4.42 0.13
-2.38338171345 0.0211585230612 -8.34 0.07
-3.903599935 0.0190832126608 -2.69 0.23
-4.47607500467 0.0460972030399 -0.58 0.08
-4.17744394827 0.06
-1.52744394827 0.05
-7.50744394827 0.22
-9.28744394827 0.09
-6.61744394827 0.15
-3.95744394827 0.06
-2.12996307914 0.09
-1.36996307914 0.16
-6.30996307914 0.13
-10.2299630791 0.07
-4.57996307914 0.23
-2.46996307914 0.08
               MMPBSA-GAFF.txt    0.20   0.03   -4.01   0.18    0.01   0.00    3.11   0.04    0.00   0.05    2.37   0.05   -0.07   0.05
-5.21856633114 0.100836123519 -5.14 0.0
-4.48360129612 0.135498050524 -4.85 0.0
-4.77599594321 0.165651987139 -6.76 0.0
-9.36979858682 0.00238786242866 -10.56 0.0
-4.10934774828 0.225623739586 -6.92 0.0
-5.11735378406 0.12480335938 -6.26 0.0
-5.34965147997 0.068082129812 -4.8 0.0
-5.14385733565 0.062871650846 -5.76 0.0
-5.83321300607 0.0810465133249 -6.85 0.0
-2.38338171345 0.0211585230612 -11.41 0.0
-3.903599935 0.0190832126608 -6.71 0.0
-4.47607500467 0.0460972030399 -7.46 0.0
-3.90411061494 0.0
-3.61411061494 0.0
-5.52411061494 0.0
-9.32411061494 0.0
-5.68411061494 0.0
-5.02411061494 0.0
-2.14996307914 0.0
-3.10996307914 0.0
-4.19996307914 0.0
-8.75996307914 0.0
-4.05996307914 0.0
-4.80996307914 0.0
                  MovTyp-1.txt    0.27   0.02   -3.66   0.08    0.04   0.00    2.30   0.02   -0.00   0.03    1.53   0.03   -0.18   0.04
-5.21856633114 0.100836123519 -3.61 0.0
-4.48360129612 0.135498050524 -3.55 0.0
-4.77599594321 0.165651987139 -6.44 0.0
-9.36979858682 0.00238786242866 -10.7 0.0
-4.10934774828 0.225623739586 -6.36 0.0
-5.11735378406 0.12480335938 -6.49 0.0
-5.34965147997 0.068082129812 -3.49 0.0
-5.14385733565 0.062871650846 -4.65 0.0
-5.83321300607 0.0810465133249 -6.95 0.0
-2.38338171345 0.0211585230612 -11.63 0.0
-3.903599935 0.0190832126608 -5.88 0.0
-4.47607500467 0.0460972030399 -8.13 0.0
-2.9307772816 0.0
-2.8707772816 0.0
-5.7607772816 0.0
-10.0207772816 0.0
-5.6807772816 0.0
-5.8107772816 0.0
-1.2166297458 0.0
-2.3766297458 0.0
-4.6766297458 0.0
-9.3566297458 0.0
-3.6066297458 0.0
-5.8566297458 0.0
                  MovTyp-2.txt    0.33   0.02   -3.38   0.10    0.04   0.00    2.72   0.02   -0.00   0.03    2.04   0.03   -0.12   0.04
-5.21856633114 0.100836123519 -4.5298 0.6252
-4.48360129612 0.135498050524 -2.7867 0.7039
-4.77599594321 0.165651987139 -4.5186 1.2555
-9.36979858682 0.00238786242866 -7.8473 1.3391
-4.10934774828 0.225623739586 -1.6998 0.5086
-5.11735378406 0.12480335938 -4.9563 1.58597
-5.34965147997 0.068082129812 -4.2059 0.8373
-5.14385733565 0.062871650846 -7.1654 0.6812
-5.83321300607 0.0810465133249 -6.5466 1.5015
-2.38338171345 0.0211585230612 -9.9533 2.4739
-3.903599935 0.0190832126608 -2.6197 0.6846
-4.47607500467 0.0460972030399 -7.0498 0.3907
-5.65249394827 0.6252
-3.90939394827 0.7039
-5.64129394827 1.2555
-8.96999394827 1.3391
-2.82249394827 0.5086
-6.07899394827 1.58597
-2.4640797458 0.8373
-5.4235797458 0.6812
-4.8047797458 1.5015
-8.2114797458 2.4739
-0.877879745803 0.6846
-5.3079797458 0.3907
              PERT-bound-c.txt    0.51   0.30   -2.47   1.61    0.15   0.14    2.44   0.52    0.00   0.35    1.76   0.29    0.22   0.12
-5.21856633114 0.100836123519 -7.6786 0.7137
-4.48360129612 0.135498050524 -2.7867 0.7039
-4.77599594321 0.165651987139 -4.8546 1.1195
-9.36979858682 0.00238786242866 -8.1633 1.519
-4.10934774828 0.225623739586 -1.7579 0.1134
-5.11735378406 0.12480335938 -4.9563 1.58597
-5.34965147997 0.068082129812 -6.1526 0.9868
-5.14385733565 0.062871650846 -7.1654 0.6812
-5.83321300607 0.0810465133249 -6.5466 1.5015
-2.38338171345 0.0211585230612 -9.9533 2.4739
-3.903599935 0.0190832126608 -2.6197 0.6846
-4.47607500467 0.0460972030399 -7.0498 0.3907
-8.15814394827 0.7137
-3.26624394827 0.7039
-5.33414394827 1.1195
-8.64284394827 1.519
-2.23744394827 0.1134
-5.43584394827 1.58597
-4.0863297458 0.9868
-5.0991297458 0.6812
-4.4803297458 1.5015
-7.8870297458 2.4739
-0.553429745803 0.6846
-4.9835297458 0.3907
                PERT-bound.txt    0.56   0.32   -2.21   1.68    0.16   0.14    2.49   0.48   -0.00   0.35    1.89   0.29    0.31   0.12
-5.21856633114 0.100836123519 -4.2914 1.0071
-4.48360129612 0.135498050524 -2.254 0.2823
-4.77599594321 0.165651987139 -3.4859 0.0687
-9.36979858682 0.00238786242866 -5.0005 0.1456
-4.10934774828 0.225623739586 -1.6998 0.5086
-5.11735378406 0.12480335938 -4.1243 0.1989
-5.34965147997 0.068082129812 -4.2402 0.4387
-5.14385733565 0.062871650846 -5.3244 0.3978
-5.83321300607 0.0810465133249 -6.5466 1.5015
-2.38338171345 0.0211585230612 -10.541 1.0574
-3.903599935 0.0190832126608 -2.6197 0.6846
-4.47607500467 0.0460972030399 -7.0498 0.3907
-6.32786061494 1.0071
-4.29046061494 0.2823
-5.52236061494 0.0687
-7.03696061494 0.1456
-3.73626061494 0.5086
-6.16076061494 0.1989
-2.70154641247 0.4387
-3.78574641247 0.3978
-5.00794641247 1.5015
-9.00234641247 1.0574
-1.08104641247 0.6846
-5.51114641247 0.3907
              PERT-hrex-c1.txt    0.11   0.11   -4.45   0.63    0.02   0.02    2.52   0.26    0.00   0.20    1.84   0.17    0.14   0.09
-5.21856633114 0.100836123519 -4.5436 0.2461
-4.48360129612 0.135498050524 -3.2001 0.2514
-4.77599594321 0.165651987139 -3.4859 0.0687
-9.36979858682 0.00238786242866 -4.4176 0.5694
-4.10934774828 0.225623739586 -1.6998 0.5086
-5.11735378406 0.12480335938 -4.1243 0.1989
-5.34965147997 0.068082129812 -4.288 0.0243
-5.14385733565 0.062871650846 -4.73504 0.3246
-5.83321300607 0.0810465133249 -6.5466 1.5015
-2.38338171345 0.0211585230612 -6.6974 0.3111
-3.903599935 0.0190832126608 -2.6197 0.6846
-4.47607500467 0.0460972030399 -5.3403 1.0884
-6.47749394827 0.2461
-5.13399394827 0.2514
-5.41979394827 0.0687
-6.35149394827 0.5694
-3.63369394827 0.5086
-6.05819394827 0.1989
-3.76512307914 0.0243
-4.21216307914 0.3246
-6.02372307914 1.5015
-6.17452307914 0.3111
-2.09682307914 0.6846
-4.81742307914 1.0884
              PERT-hrex-c2.txt    0.27   0.11   -3.67   0.52    0.10   0.06    1.79   0.14   -0.00   0.19    1.45   0.14    0.27   0.11
-5.21856633114 0.100836123519 -4.5436 0.2461
-4.48360129612 0.135498050524 -3.2001 0.2514
-4.77599594321 0.165651987139 -3.4859 0.0687
-9.36979858682 0.00238786242866 -5.0005 0.1456
-4.10934774828 0.225623739586 -1.6998 0.5086
-5.11735378406 0.12480335938 -4.1243 0.1989
-5.34965147997 0.068082129812 -6.4207 0.7757
-5.14385733565 0.062871650846 -5.3244 0.3978
-5.83321300607 0.0810465133249 -6.5466 1.5015
-2.38338171345 0.0211585230612 -10.541 1.0574
-3.903599935 0.0190832126608 -2.9185 0.7333
-4.47607500467 0.0460972030399 -7.0498 0.3907
-6.38034394827 0.2461
-5.03684394827 0.2514
-5.32264394827 0.0687
-6.83724394827 0.1456
-3.53654394827 0.5086
-5.96104394827 0.1989
-4.4688297458 0.7757
-3.3725297458 0.3978
-4.5947297458 1.5015
-8.5891297458 1.0574
-0.966629745803 0.7333
-5.0979297458 0.3907
               PERT-hrex-c.txt    0.13   0.11   -4.35   0.63    0.02   0.03    2.36   0.26    0.00   0.19    1.70   0.17    0.21   0.10
-5.21856633114 0.100836123519 -6.4207 0.7757
-4.48360129612 0.135498050524 -3.2001 0.2514
-4.77599594321 0.165651987139 -3.4859 0.0687
-9.36979858682 0.00238786242866 -5.0005 0.1456
-4.10934774828 0.225623739586 -1.7579 0.1134
-5.11735378406 0.12480335938 -4.1243 0.1989
-5.34965147997 0.068082129812 -6.4207 0.7757
-5.14385733565 0.062871650846 -5.3244 0.3978
-5.83321300607 0.0810465133249 -6.5466 1.5015
-2.38338171345 0.0211585230612 -10.541 1.0574
-3.903599935 0.0190832126608 -2.9185 0.7333
-4.47607500467 0.0460972030399 -7.0498 0.3907
-7.93491061494 0.7757
-4.71431061494 0.2514
-5.00011061494 0.0687
-6.51471061494 0.1456
-3.27211061494 0.1134
-5.63851061494 0.1989
-4.4688297458 0.7757
-3.3725297458 0.3978
-4.5947297458 1.5015
-8.5891297458 1.0574
-0.966629745803 0.7333
-5.0979297458 0.3907
                 PERT-hrex.txt    0.11   0.11   -4.47   0.62    0.02   0.02    2.49   0.26   -0.00   0.20    1.80   0.18    0.20   0.10
-5.21856633114 0.100836123519 -8.58 0.31
-4.48360129612 0.135498050524 -6.91 0.22
-4.77599594321 0.165651987139 -9.05 0.19
-9.36979858682 0.00238786242866 -14.31 1.32
-4.10934774828 0.225623739586 -8.73 0.36
-5.11735378406 0.12480335938 -7.88 0.1
-5.34965147997 0.068082129812 -8.38 0.11
-5.14385733565 0.062871650846 -9.21 0.74
-5.83321300607 0.0810465133249 -9.1 0.03
-2.38338171345 0.0211585230612 -5.01 0.13
-3.903599935 0.0190832126608 -8.41 0.74
-4.47607500467 0.0460972030399 -7.3 0.17
-4.84911061494 0.31
-3.17911061494 0.22
-5.31911061494 0.19
-10.5791106149 1.32
-4.99911061494 0.36
-4.14911061494 0.1
-4.99329641247 0.11
-5.82329641247 0.74
-5.71329641247 0.03
-1.62329641247 0.13
-5.02329641247 0.74
-3.91329641247 0.17
                    SOMD-1.txt    1.19   0.20    0.96   0.91    0.82   0.07    0.96   0.19    0.00   0.15    0.78   0.13    0.50   0.09
-5.21856633114 0.100836123519 -8.6 0.3
-4.48360129612 0.135498050524 -6.89 0.15
-4.77599594321 0.165651987139 -8.93 0.15
-9.36979858682 0.00238786242866 -14.45 1.18
-4.10934774828 0.225623739586 -8.73 0.37
-5.11735378406 0.12480335938 -7.82 0.1
-5.34965147997 0.068082129812 -8.44 0.03
-5.14385733565 0.062871650846 -9.26 0.68
-5.83321300607 0.0810465133249 -9.09 0.01
-2.38338171345 0.0211585230612 -5.04 0.21
-3.903599935 0.0190832126608 -8.36 0.81
-4.47607500467 0.0460972030399 -7.29 0.16
-4.8757772816 0.3
-3.1657772816 0.15
-5.2057772816 0.15
-10.7257772816 1.18
-5.0057772816 0.37
-4.0957772816 0.1
-5.0416297458 0.03
-5.8616297458 0.68
-5.6916297458 0.01
-1.6416297458 0.21
-4.9616297458 0.81
-3.8916297458 0.16
                    SOMD-2.txt    1.21   0.18    1.08   0.83    0.83   0.06    0.96   0.18    0.00   0.14    0.77   0.12    0.51   0.10
-5.21856633114 0.100836123519 -6.94 0.3
-4.48360129612 0.135498050524 -5.23 0.15
-4.77599594321 0.165651987139 -7.28 0.14
-9.36979858682 0.00238786242866 -12.79 1.18
-4.10934774828 0.225623739586 -7.7 0.37
-5.11735378406 0.12480335938 -6.16 0.1
-5.34965147997 0.068082129812 -6.78 0.03
-5.14385733565 0.062871650846 -7.59 0.67
-5.83321300607 0.0810465133249 -7.42 0.01
-2.38338171345 0.0211585230612 -3.36 0.21
-3.903599935 0.0190832126608 -6.69 0.81
-4.47607500467 0.0460972030399 -5.61 0.16
-4.76911061494 0.3
-3.05911061494 0.15
-5.10911061494 0.14
-10.6191106149 1.18
-5.52911061494 0.37
-3.98911061494 0.1
-5.05329641247 0.03
-5.86329641247 0.67
-5.69329641247 0.01
-1.63329641247 0.21
-4.96329641247 0.81
-3.88329641247 0.16
                    SOMD-3.txt    1.19   0.18    0.94   0.83    0.79   0.07    1.02   0.17   -0.00   0.14    0.83   0.12    0.46   0.09
-5.21856633114 0.100836123519 -14.19 0.3
-4.48360129612 0.135498050524 -11.96 0.24
-4.77599594321 0.165651987139 4.99 0.06
-9.36979858682 0.00238786242866 -21.54 1.37
-4.10934774828 0.225623739586 6.92 0.53
-5.11735378406 0.12480335938 -13.37 0.27
-5.34965147997 0.068082129812 -14.02 0.55
-5.14385733565 0.062871650846 -14.6 0.67
-5.83321300607 0.0810465133249 5.85 0.01
-2.38338171345 0.0211585230612 -12.4 0.04
-3.903599935 0.0190832126608 8.67 0.94
-4.47607500467 0.0460972030399 -11.97 0.08
-11.5107772816 0.3
-9.2807772816 0.24
7.6692227184 0.06
-18.8607772816 1.37
9.5992227184 0.53
-10.6907772816 0.27
-12.1232964125 0.55
-12.7032964125 0.67
7.74670358753 0.01
-10.5032964125 0.04
10.5667035875 0.94
-10.0732964125 0.08
                    SOMD-4.txt    2.34   0.24    6.74   1.11    0.13   0.02    9.68   0.19   -0.00   0.17    9.03   0.17    0.44   0.05
ExpAllAvg-OAH.txt
     Name                 Slope       Interc.      R^2           RMSE          MSE          MUE          TAU
-5.21856633114 0.100836123519 -3.4717 1.145
-4.48360129612 0.135498050524 -2.7469 0.3286
-4.77599594321 0.165651987139 -4.0022 0.5163
-9.36979858682 0.00238786242866 -5.5937 1.1267
-4.10934774828 0.225623739586 -1.6998 0.5086
-5.11735378406 0.12480335938 -4.5186 0.2918
-5.31199394827 1.145
-4.58719394827 0.3286
-5.84249394827 0.5163
-7.43399394827 1.1267
-3.54009394827 0.5086
-6.35889394827 0.2918
            PERT-combo-OAH.txt    0.56   0.24   -2.40   1.20    0.53   0.23    1.26   0.33   -0.00   0.31    1.03   0.25    0.67   0.20
ExpAllAvg-OAMe.txt
     Name                 Slope       Interc.      R^2           RMSE          MSE          MUE          TAU
-5.34965147997 0.068082129812 0.0 0.28
-5.14385733565 0.062871650846 -2.32 0.13
-5.83321300607 0.0810465133249 0.66 0.19
-2.38338171345 0.0211585230612 -6.37 0.27
-3.903599935 0.0190832126608 -0.06 0.07
-4.47607500467 0.0460972030399 -0.35 0.1
-3.10829641247 0.28
-5.42829641247 0.13
-2.44829641247 0.19
-9.47829641247 0.27
-3.16829641247 0.07
-3.45829641247 0.1
          MMPBSA-OPLS-OAMe.txt   -1.68   0.10  -12.10   0.44    0.63   0.03    3.38   0.11    0.00   0.08    2.46   0.08   -0.52   0.10
ExpAllAvg.txt
     Name                 Slope       Interc.      R^2           RMSE          MSE          MUE          TAU
-5.21856633114 0.100836123519 0.0 0.0
-4.48360129612 0.135498050524 0.0 0.0
-4.77599594321 0.165651987139 0.0 0.0
-9.36979858682 0.00238786242866 0.0 0.0
-4.10934774828 0.225623739586 0.0 0.0
-5.11735378406 0.12480335938 0.0 0.0
-5.34965147997 0.068082129812 0.0 0.0
-5.14385733565 0.062871650846 0.0 0.0
-5.83321300607 0.0810465133249 0.0 0.0
-2.38338171345 0.0211585230612 0.0 0.0
-3.903599935 0.0190832126608 0.0 0.0
-4.47607500467 0.0460972030399 0.0 0.0
-5.51244394827 0.0
-5.51244394827 0.0
-5.51244394827 0.0
-5.51244394827 0.0
-5.51244394827 0.0
-5.51244394827 0.0
-4.51496307914 0.0
-4.51496307914 0.0
-4.51496307914 0.0
-4.51496307914 0.0
-4.51496307914 0.0
-4.51496307914 0.0
                      Null.txt    0.10   0.01   -4.51   0.04    0.10   0.01    1.49   0.02    0.00   0.03    1.11   0.03    0.11   0.05
ExpAllAvg.txt
     Name                 Slope       Interc.      R^2           RMSE          MSE          MUE          TAU
-5.21856633114 0.100836123519 -4.0 1.0
-4.48360129612 0.135498050524 -5.5 1.0
-4.77599594321 0.165651987139 -5.0 1.0
-9.36979858682 0.00238786242866 -7.0 1.0
-4.10934774828 0.225623739586 -6.0 1.0
-5.11735378406 0.12480335938 -6.0 1.0
-5.34965147997 0.068082129812 -4.0 1.0
-5.14385733565 0.062871650846 -5.5 1.0
-5.83321300607 0.0810465133249 -5.0 1.0
-2.38338171345 0.0211585230612 -7.0 1.0
-3.903599935 0.0190832126608 -6.0 1.0
-4.47607500467 0.0460972030399 -6.0 1.0
-3.92911061494 1.0
-5.42911061494 1.0
-4.92911061494 1.0
-6.92911061494 1.0
-5.92911061494 1.0
-5.92911061494 1.0
-2.9316297458 1.0
-4.4316297458 1.0
-3.9316297458 1.0
-5.9316297458 1.0
-4.9316297458 1.0
-4.9316297458 1.0
                      Dumb.txt    0.11   0.18   -4.46   0.97    0.06   0.07    1.99   0.27    0.00   0.29    1.64   0.25   -0.17   0.15
ExpAllAvg.txt
     Name                 Slope       Interc.      R^2           RMSE          MSE          MUE          TAU
-5.21856633114 0.100836123519 -3.86 1.0
-4.48360129612 0.135498050524 -7.2 1.0
-4.77599594321 0.165651987139 -6.09 1.0
-9.36979858682 0.00238786242866 -10.54 1.0
-4.10934774828 0.225623739586 -8.32 1.0
-5.11735378406 0.12480335938 -8.32 1.0
-5.34965147997 0.068082129812 -3.86 1.0
-5.14385733565 0.062871650846 -7.2 1.0
-5.83321300607 0.0810465133249 -6.09 1.0
-2.38338171345 0.0211585230612 -10.54 1.0
-3.903599935 0.0190832126608 -8.32 1.0
-4.47607500467 0.0460972030399 -8.32 1.0
-1.98411061494 1.0
-5.32411061494 1.0
-4.21411061494 1.0
-8.66411061494 1.0
-6.44411061494 1.0
-6.44411061494 1.0
-0.986629745803 1.0
-4.3266297458 1.0
-3.2166297458 1.0
-7.6666297458 1.0
-5.4466297458 1.0
-5.4466297458 1.0
                     Null2.txt    0.12   0.18   -4.40   0.97    0.02   0.03    2.71   0.28    0.00   0.29    2.17   0.26   -0.29   0.10
