ExpSaltDep-OAH.txt
     Name                 Slope       Interc.      R^2           RMSE          MSE          MUE          TAU
-5.04397188061 0.00627490369933 -6.09 0.28
-4.24909345614 0.0126884194228 -5.16 0.23
-5.06283335446 0.00745433128846 -7.79 0.24
-9.36979858682 0.00238786242866 -11.35 0.29
-4.5001149933 0.00103814449189 -6.42 0.25
-5.33308772647 0.00363309265345 -6.41 0.32
-4.4798166663 0.28
-3.5498166663 0.23
-6.1798166663 0.24
-9.7398166663 0.29
-4.8098166663 0.25
-4.7998166663 0.32
                   APR-OPC.txt    1.10   0.07    0.58   0.38    0.89   0.03    0.70   0.10   -0.00   0.11    0.61   0.10    0.66   0.12
-5.04397188061 0.00627490369933 -6.5 0.23
-4.24909345614 0.0126884194228 -5.42 0.22
-5.06283335446 0.00745433128846 -6.82 0.23
-9.36979858682 0.00238786242866 -12.34 0.23
-4.5001149933 0.00103814449189 -4.77 0.24
-5.33308772647 0.00363309265345 -6.46 0.23
-5.04148333297 0.23
-3.96148333297 0.22
-5.36148333297 0.23
-10.881483333 0.23
-3.31148333297 0.24
-5.00148333297 0.23
                 APR-TIP3P.txt    1.41   0.05    2.29   0.32    0.97   0.01    0.84   0.09    0.00   0.09    0.64   0.08    0.66   0.11
-5.04397188061 0.00627490369933 -2.17 0.06
-4.24909345614 0.0126884194228 -6.3 0.06
-5.06283335446 0.00745433128846 -15.41 0.06
-9.36979858682 0.00238786242866 -6.29 0.08
-4.5001149933 0.00103814449189 -11.25 0.06
-5.33308772647 0.00363309265345 -7.38 0.06
0.3701833337 0.06
-3.7598166663 0.06
-12.8698166663 0.06
-3.7498166663 0.08
-8.7098166663 0.06
-4.8398166663 0.06
                     BEDAM.txt   -0.46   0.02   -8.18   0.10    0.04   0.00    4.83   0.03   -0.00   0.03    4.01   0.03   -0.01   0.07
-5.04397188061 0.00627490369933 0.0 0.0
-4.24909345614 0.0126884194228 -6.9 0.0
-5.06283335446 0.00745433128846 3.6 0.0
-9.36979858682 0.00238786242866 -20.9 0.0
-4.5001149933 0.00103814449189 -8.9 0.0
-5.33308772647 0.00363309265345 -13.1 0.0
2.10685000037 0.0
-4.79314999963 0.0
5.70685000037 0.0
-18.7931499996 0.0
-6.79314999963 0.0
-10.9931499996 0.0
           CCSD(T)-neutral.txt    3.26   0.01   12.65   0.04    0.49   0.00    6.99   0.00    0.00   0.00    5.97   0.00    0.34   0.02
-5.04397188061 0.00627490369933 0.0 0.0
-4.24909345614 0.0126884194228 -1.1 0.0
-5.06283335446 0.00745433128846 -3.4 0.0
-9.36979858682 0.00238786242866 -12.6 0.0
-4.5001149933 0.00103814449189 -9.2 0.0
-5.33308772647 0.00363309265345 -17.2 0.0
1.65685000037 0.0
0.556850000366 0.0
-1.74314999963 0.0
-10.9431499996 0.0
-7.54314999963 0.0
-15.5431499996 0.0
               DFT-charged.txt    1.66   0.00    3.70   0.02    0.21   0.00    5.70   0.00   -0.00   0.00    4.94   0.00    0.46   0.02
-5.04397188061 0.00627490369933 0.0 0.0
-4.24909345614 0.0126884194228 -3.8 0.0
-5.06283335446 0.00745433128846 1.7 0.0
-9.36979858682 0.00238786242866 -13.9 0.0
-4.5001149933 0.00103814449189 -5.0 0.0
-5.33308772647 0.00363309265345 -10.2 0.0
-0.393149999634 0.0
-4.19314999963 0.0
1.30685000037 0.0
-14.2931499996 0.0
-5.39314999963 0.0
-10.5931499996 0.0
               DFT-neutral.txt    2.24   0.00    6.95   0.03    0.51   0.00    4.38   0.00   -0.00   0.00    3.69   0.00    0.34   0.02
-5.04397188061 0.00627490369933 -3.08 0.72
-4.24909345614 0.0126884194228 -2.91 0.72
-5.06283335446 0.00745433128846 -2.26 0.72
-9.36979858682 0.00238786242866 -7.94 0.72
-4.5001149933 0.00103814449189 -1.32 0.72
-5.33308772647 0.00363309265345 -3.33 0.72
-5.1998166663 0.72
-5.0298166663 0.72
-4.3798166663 0.72
-10.0598166663 0.72
-3.4398166663 0.72
-5.4498166663 0.72
              Metadynamics.txt    1.17   0.17    0.92   1.00    0.85   0.09    0.95   0.25   -0.00   0.29    0.80   0.22    0.46   0.20
-5.04397188061 0.00627490369933 -2.26 0.06
-4.24909345614 0.0126884194228 0.39 0.05
-5.06283335446 0.00745433128846 -5.59 0.22
-9.36979858682 0.00238786242866 -7.37 0.09
-4.5001149933 0.00103814449189 -4.7 0.15
-5.33308772647 0.00363309265345 -2.04 0.06
-4.25814999963 0.06
-1.60814999963 0.05
-7.58814999963 0.22
-9.36814999963 0.09
-6.69814999963 0.15
-4.03814999963 0.06
               MMPBSA-GAFF.txt    1.03   0.02    0.18   0.15    0.48   0.02    1.85   0.06    0.00   0.05    1.59   0.05    0.46   0.02
-5.04397188061 0.00627490369933 -5.14 0.0
-4.24909345614 0.0126884194228 -4.85 0.0
-5.06283335446 0.00745433128846 -6.76 0.0
-9.36979858682 0.00238786242866 -10.56 0.0
-4.5001149933 0.00103814449189 -6.92 0.0
-5.33308772647 0.00363309265345 -6.26 0.0
-3.9848166663 0.0
-3.6948166663 0.0
-5.6048166663 0.0
-9.4048166663 0.0
-5.7648166663 0.0
-5.1048166663 0.0
                  MovTyp-1.txt    0.99   0.00   -0.05   0.01    0.84   0.00    0.75   0.00    0.00   0.00    0.61   0.00    0.46   0.02
-5.04397188061 0.00627490369933 -3.61 0.0
-4.24909345614 0.0126884194228 -3.55 0.0
-5.06283335446 0.00745433128846 -6.44 0.0
-9.36979858682 0.00238786242866 -10.7 0.0
-4.5001149933 0.00103814449189 -6.36 0.0
-5.33308772647 0.00363309265345 -6.49 0.0
-3.01148333297 0.0
-2.95148333297 0.0
-5.84148333297 0.0
-10.101483333 0.0
-5.76148333297 0.0
-5.89148333297 0.0
                  MovTyp-2.txt    1.21   0.00    1.15   0.01    0.76   0.00    1.22   0.00    0.00   0.00    1.11   0.00    0.86   0.02
-5.04397188061 0.00627490369933 -4.5298 0.6252
-4.24909345614 0.0126884194228 -2.7867 0.7039
-5.06283335446 0.00745433128846 -4.5186 1.2555
-9.36979858682 0.00238786242866 -7.8473 1.3391
-4.5001149933 0.00103814449189 -1.6998 0.5086
-5.33308772647 0.00363309265345 -4.9563 1.58597
-5.73319999963 0.6252
-3.99009999963 0.7039
-5.72199999963 1.2555
-9.05069999963 1.3391
-2.90319999963 0.5086
-6.15969999963 1.58597
              PERT-bound-c.txt    1.00   0.29   -0.02   1.56    0.66   0.19    1.33   0.36   -0.00   0.44    1.11   0.30    0.65   0.17
-5.04397188061 0.00627490369933 -7.6786 0.7137
-4.24909345614 0.0126884194228 -2.7867 0.7039
-5.06283335446 0.00745433128846 -4.8546 1.1195
-9.36979858682 0.00238786242866 -8.1633 1.519
-4.5001149933 0.00103814449189 -1.7579 0.1134
-5.33308772647 0.00363309265345 -4.9563 1.58597
-8.23884999963 0.7137
-3.34694999963 0.7039
-5.41484999963 1.1195
-8.72354999963 1.519
-2.31814999963 0.1134
-5.51654999963 1.58597
                PERT-bound.txt    0.95   0.33   -0.26   1.70    0.44   0.18    1.95   0.30    0.00   0.44    1.65   0.30    0.47   0.15
-5.04397188061 0.00627490369933 -4.2914 1.0071
-4.24909345614 0.0126884194228 -2.254 0.2823
-5.06283335446 0.00745433128846 -3.4859 0.0687
-9.36979858682 0.00238786242866 -5.0005 0.1456
-4.5001149933 0.00103814449189 -1.6998 0.5086
-5.33308772647 0.00363309265345 -4.1243 0.1989
-6.4085666663 1.0071
-4.3711666663 0.2823
-5.6030666663 0.0687
-7.1176666663 0.1456
-3.8169666663 0.5086
-6.2414666663 0.1989
              PERT-hrex-c1.txt    0.49   0.06   -2.87   0.49    0.50   0.15    1.27   0.20    0.00   0.20    1.02   0.17    0.67   0.15
-5.04397188061 0.00627490369933 -4.5436 0.2461
-4.24909345614 0.0126884194228 -3.2001 0.2514
-5.06283335446 0.00745433128846 -3.4859 0.0687
-9.36979858682 0.00238786242866 -4.4176 0.5694
-4.5001149933 0.00103814449189 -1.6998 0.5086
-5.33308772647 0.00363309265345 -4.1243 0.1989
-6.55819999963 0.2461
-5.21469999963 0.2514
-5.50049999963 0.0687
-6.43219999963 0.5694
-3.71439999963 0.5086
-6.13889999963 0.1989
              PERT-hrex-c2.txt    0.29   0.13   -4.00   0.66    0.27   0.16    1.52   0.20   -0.00   0.14    1.24   0.14    0.47   0.15
-5.04397188061 0.00627490369933 -4.5436 0.2461
-4.24909345614 0.0126884194228 -3.2001 0.2514
-5.06283335446 0.00745433128846 -3.4859 0.0687
-9.36979858682 0.00238786242866 -5.0005 0.1456
-4.5001149933 0.00103814449189 -1.6998 0.5086
-5.33308772647 0.00363309265345 -4.1243 0.1989
-6.46104999963 0.2461
-5.11754999963 0.2514
-5.40334999963 0.0687
-6.91794999963 0.1456
-3.61724999963 0.5086
-6.04174999963 0.1989
               PERT-hrex-c.txt    0.41   0.05   -3.31   0.35    0.43   0.09    1.33   0.09    0.00   0.11    1.12   0.11    0.59   0.07
-5.04397188061 0.00627490369933 -6.4207 0.7757
-4.24909345614 0.0126884194228 -3.2001 0.2514
-5.06283335446 0.00745433128846 -3.4859 0.0687
-9.36979858682 0.00238786242866 -5.0005 0.1456
-4.5001149933 0.00103814449189 -1.7579 0.1134
-5.33308772647 0.00363309265345 -4.1243 0.1989
-8.0156166663 0.7757
-4.7950166663 0.2514
-5.0808166663 0.0687
-6.5954166663 0.1456
-3.3528166663 0.1134
-5.7192166663 0.1989
                 PERT-hrex.txt    0.35   0.04   -3.65   0.34    0.18   0.08    1.77   0.22   -0.00   0.14    1.31   0.14    0.46   0.06
-5.04397188061 0.00627490369933 -8.58 0.31
-4.24909345614 0.0126884194228 -6.91 0.22
-5.06283335446 0.00745433128846 -9.05 0.19
-9.36979858682 0.00238786242866 -14.31 1.32
-4.5001149933 0.00103814449189 -8.73 0.36
-5.33308772647 0.00363309265345 -7.88 0.1
-4.9298166663 0.31
-3.2598166663 0.22
-5.3998166663 0.19
-10.6598166663 1.32
-5.0798166663 0.36
-4.2298166663 0.1
                    SOMD-1.txt    1.32   0.28    1.79   1.37    0.91   0.05    0.99   0.30    0.00   0.24    0.80   0.19    0.48   0.11
-5.04397188061 0.00627490369933 -8.6 0.3
-4.24909345614 0.0126884194228 -6.89 0.15
-5.06283335446 0.00745433128846 -8.93 0.15
-9.36979858682 0.00238786242866 -14.45 1.18
-4.5001149933 0.00103814449189 -8.73 0.37
-5.33308772647 0.00363309265345 -7.82 0.1
-4.95648333297 0.3
-3.24648333297 0.15
-5.28648333297 0.15
-10.806483333 1.18
-5.08648333297 0.37
-4.17648333297 0.1
                    SOMD-2.txt    1.36   0.25    1.99   1.22    0.92   0.04    1.00   0.28   -0.00   0.22    0.80   0.18    0.46   0.11
-5.04397188061 0.00627490369933 -6.94 0.3
-4.24909345614 0.0126884194228 -5.23 0.15
-5.06283335446 0.00745433128846 -7.28 0.14
-9.36979858682 0.00238786242866 -12.79 1.18
-4.5001149933 0.00103814449189 -7.7 0.37
-5.33308772647 0.00363309265345 -6.16 0.1
-4.8498166663 0.3
-3.1398166663 0.15
-5.1898166663 0.14
-10.6998166663 1.18
-5.6098166663 0.37
-4.0698166663 0.1
                    SOMD-3.txt    1.32   0.25    1.76   1.21    0.87   0.05    1.09   0.25    0.00   0.22    0.90   0.18    0.34   0.08
-5.04397188061 0.00627490369933 -14.19 0.3
-4.24909345614 0.0126884194228 -11.96 0.24
-5.06283335446 0.00745433128846 4.99 0.06
-9.36979858682 0.00238786242866 -21.54 1.37
-4.5001149933 0.00103814449189 6.92 0.53
-5.33308772647 0.00363309265345 -13.37 0.27
-11.591483333 0.3
-9.36148333297 0.24
7.58851666703 0.06
-18.941483333 1.37
9.51851666703 0.53
-10.771483333 0.27
                    SOMD-4.txt    3.58   0.29   14.45   1.43    0.35   0.04    9.56   0.27    0.00   0.26    8.89   0.26    0.47   0.03
-5.04397188061 0.00627490369933 -3.4717 1.145
-4.24909345614 0.0126884194228 -2.7469 0.3286
-5.06283335446 0.00745433128846 -4.0022 0.5163
-9.36979858682 0.00238786242866 -5.5937 1.1267
-4.5001149933 0.00103814449189 -1.6998 0.5086
-5.33308772647 0.00363309265345 -4.5186 0.2918
-5.39269999963 1.145
-4.66789999963 0.3286
-5.92319999963 0.5163
-7.51469999963 1.1267
-3.62079999963 0.5086
-6.43959999963 0.2918
            PERT-combo-OAH.txt    0.58   0.24   -2.35   1.26    0.53   0.23    1.23   0.33    0.00   0.30    1.03   0.25    0.68   0.17
-5.04397188061 0.00627490369933 0.0 0.0
-4.24909345614 0.0126884194228 0.0 0.0
-5.06283335446 0.00745433128846 0.0 0.0
-9.36979858682 0.00238786242866 0.0 0.0
-4.5001149933 0.00103814449189 0.0 0.0
-5.33308772647 0.00363309265345 0.0 0.0
-5.59314999963 0.0
-5.59314999963 0.0
-5.59314999963 0.0
-5.59314999963 0.0
-5.59314999963 0.0
-5.59314999963 0.0
                      Null.txt    0.00   0.00   -5.59   0.00    0.00   0.00    1.73   0.00    0.00   0.00    1.26   0.00    -nan   -nan
ExpSaltDep-OAH.txt
     Name                 Slope       Interc.      R^2           RMSE          MSE          MUE          TAU
-5.04397188061 0.00627490369933 -4.0 1.0
-4.24909345614 0.0126884194228 -5.5 1.0
-5.06283335446 0.00745433128846 -5.0 1.0
-9.36979858682 0.00238786242866 -7.0 1.0
-4.5001149933 0.00103814449189 -6.0 1.0
-5.33308772647 0.00363309265345 -6.0 1.0
-4.0098166663 1.0
-5.5098166663 1.0
-5.0098166663 1.0
-7.0098166663 1.0
-6.0098166663 1.0
-6.0098166663 1.0
                      Dumb.txt    0.34   0.24   -3.70   1.38    0.29   0.23    1.64   0.37   -0.00   0.41    1.38   0.34    0.24   0.26
ExpSaltDep-OAH.txt
     Name                 Slope       Interc.      R^2           RMSE          MSE          MUE          TAU
-5.04397188061 0.00627490369933 -3.86 1.0
-4.24909345614 0.0126884194228 -7.2 1.0
-5.06283335446 0.00745433128846 -6.09 1.0
-9.36979858682 0.00238786242866 -10.54 1.0
-4.5001149933 0.00103814449189 -8.32 1.0
-5.33308772647 0.00363309265345 -8.32 1.0
-2.0648166663 1.0
-5.4048166663 1.0
-4.2948166663 1.0
-8.7448166663 1.0
-6.5248166663 1.0
-6.5248166663 1.0
                     Null2.txt    0.76   0.24   -1.37   1.38    0.36   0.17    1.91   0.38   -0.00   0.41    1.59   0.35    0.35   0.16
