ExpSaltDep.txt
     Name                 Slope       Interc.      R^2           RMSE          MSE          MUE          TAU
-5.04397188061 0.00627490369933 -6.09 0.28
-4.24909345614 0.0126884194228 -5.16 0.23
-5.06283335446 0.00745433128846 -7.79 0.24
-9.36979858682 0.00238786242866 -11.35 0.29
-4.5001149933 0.00103814449189 -6.42 0.25
-5.33308772647 0.00363309265345 -6.41 0.32
-5.23625248707 0.0456495910301 -7.88 0.24
-5.03768621742 0.0316947708489 -6.97 0.33
-5.93646919304 0.122422091424 -8.82 0.24
-2.38338171345 0.0211585230612 -0.6 0.27
-3.903599935 0.0190832126608 -6.64 0.24
-4.51543033573 0.0202288728896 -7.04 0.25
-4.4798166663 0.28
-3.5498166663 0.23
-6.1798166663 0.24
-9.7398166663 0.29
-4.8098166663 0.25
-4.7998166663 0.32
-6.05713664695 0.24
-5.14713664695 0.33
-6.99713664695 0.24
1.22286335305 0.27
-4.81713664695 0.24
-5.21713664695 0.25
                   APR-OPC.txt    1.38   0.05    1.92   0.27    0.79   0.03    1.28   0.08   -0.00   0.08    0.92   0.07    0.64   0.07
-5.04397188061 0.00627490369933 -6.5 0.23
-4.24909345614 0.0126884194228 -5.42 0.22
-5.06283335446 0.00745433128846 -6.82 0.23
-9.36979858682 0.00238786242866 -12.34 0.23
-4.5001149933 0.00103814449189 -4.77 0.24
-5.33308772647 0.00363309265345 -6.46 0.23
-5.23625248707 0.0456495910301 -7.61 0.21
-5.03768621742 0.0316947708489 -6.99 0.3
-5.93646919304 0.122422091424 -7.34 0.22
-2.38338171345 0.0211585230612 -1.99 0.23
-3.903599935 0.0190832126608 -5.3 0.22
-4.51543033573 0.0202288728896 -6.02 0.21
-5.04148333297 0.23
-3.96148333297 0.22
-5.36148333297 0.23
-10.881483333 0.23
-3.31148333297 0.24
-5.00148333297 0.23
-6.23713664695 0.21
-5.61713664695 0.3
-5.96713664695 0.22
-0.617136646951 0.23
-3.92713664695 0.22
-4.64713664695 0.21
                 APR-TIP3P.txt    1.41   0.04    2.09   0.22    0.94   0.01    0.87   0.07   -0.00   0.07    0.65   0.06    0.74   0.05
-5.04397188061 0.00627490369933 -2.17 0.06
-4.24909345614 0.0126884194228 -6.3 0.06
-5.06283335446 0.00745433128846 -15.41 0.06
-9.36979858682 0.00238786242866 -6.29 0.08
-4.5001149933 0.00103814449189 -11.25 0.06
-5.33308772647 0.00363309265345 -7.38 0.06
-5.23625248707 0.0456495910301 -7.49 0.07
-5.03768621742 0.0316947708489 -10.6 0.07
-5.93646919304 0.122422091424 -16.19 0.08
-2.38338171345 0.0211585230612 -2.44 0.1
-3.903599935 0.0190832126608 -14.45 0.07
-4.51543033573 0.0202288728896 -8.87 0.06
0.3701833337 0.06
-3.7598166663 0.06
-12.8698166663 0.06
-3.7498166663 0.08
-8.7098166663 0.06
-4.8398166663 0.06
-1.98546998028 0.07
-5.09546998028 0.07
-10.6854699803 0.08
3.06453001972 0.1
-8.94546998028 0.07
-3.36546998028 0.06
                     BEDAM.txt    0.55   0.03   -2.29   0.14    0.04   0.00    4.37   0.02    0.00   0.02    3.65   0.02    0.12   0.02
-5.04397188061 0.00627490369933 0.0 0.0
-4.24909345614 0.0126884194228 -6.9 0.0
-5.06283335446 0.00745433128846 3.6 0.0
-9.36979858682 0.00238786242866 -20.9 0.0
-4.5001149933 0.00103814449189 -8.9 0.0
-5.33308772647 0.00363309265345 -13.1 0.0
-5.23625248707 0.0456495910301 0.0 0.0
-5.03768621742 0.0316947708489 -11.5 0.0
-5.93646919304 0.122422091424 -10.1 0.0
-2.38338171345 0.0211585230612 5.3 0.0
-3.903599935 0.0190832126608 -5.5 0.0
-4.51543033573 0.0202288728896 -19.8 0.0
2.10685000037 0.0
-4.79314999963 0.0
5.70685000037 0.0
-18.7931499996 0.0
-6.79314999963 0.0
-10.9931499996 0.0
2.43119668638 0.0
-9.06880331362 0.0
-7.66880331362 0.0
7.73119668638 0.0
-3.06880331362 0.0
-17.3688033136 0.0
           CCSD(T)-neutral.txt    3.11   0.02   10.64   0.10    0.36   0.00    7.30   0.01   -0.00   0.01    6.09   0.01    0.35   0.03
-5.04397188061 0.00627490369933 0.0 0.0
-4.24909345614 0.0126884194228 -1.1 0.0
-5.06283335446 0.00745433128846 -3.4 0.0
-9.36979858682 0.00238786242866 -12.6 0.0
-4.5001149933 0.00103814449189 -9.2 0.0
-5.33308772647 0.00363309265345 -17.2 0.0
-5.23625248707 0.0456495910301 0.0 0.0
-5.03768621742 0.0316947708489 -1.9 0.0
-5.93646919304 0.122422091424 1.3 0.0
-2.38338171345 0.0211585230612 12.9 0.0
-3.903599935 0.0190832126608 9.2 0.0
-4.51543033573 0.0202288728896 -1.8 0.0
1.65685000037 0.0
0.556850000366 0.0
-1.74314999963 0.0
-10.9431499996 0.0
-7.54314999963 0.0
-15.5431499996 0.0
-7.78546998028 0.0
-9.68546998028 0.0
-6.48546998028 0.0
5.11453001972 0.0
1.41453001972 0.0
-9.58546998028 0.0
               DFT-charged.txt    2.24   0.01    6.24   0.06    0.34   0.00    5.27   0.00    0.00   0.01    4.61   0.01    0.53   0.03
-5.04397188061 0.00627490369933 0.0 0.0
-4.24909345614 0.0126884194228 -3.8 0.0
-5.06283335446 0.00745433128846 1.7 0.0
-9.36979858682 0.00238786242866 -13.9 0.0
-4.5001149933 0.00103814449189 -5.0 0.0
-5.33308772647 0.00363309265345 -10.2 0.0
-5.23625248707 0.0456495910301 0.0 0.0
-5.03768621742 0.0316947708489 -9.4 0.0
-5.93646919304 0.122422091424 -11.2 0.0
-2.38338171345 0.0211585230612 5.5 0.0
-3.903599935 0.0190832126608 -4.5 0.0
-4.51543033573 0.0202288728896 -15.8 0.0
-0.393149999634 0.0
-4.19314999963 0.0
1.30685000037 0.0
-14.2931499996 0.0
-5.39314999963 0.0
-10.5931499996 0.0
1.39786335305 0.0
-8.00213664695 0.0
-9.80213664695 0.0
6.89786335305 0.0
-3.10213664695 0.0
-14.402136647 0.0
               DFT-neutral.txt    2.53   0.02    7.73   0.08    0.39   0.01    5.53   0.01   -0.00   0.01    4.63   0.01    0.32   0.03
-5.04397188061 0.00627490369933 -3.08 0.72
-4.24909345614 0.0126884194228 -2.91 0.72
-5.06283335446 0.00745433128846 -2.26 0.72
-9.36979858682 0.00238786242866 -7.94 0.72
-4.5001149933 0.00103814449189 -1.32 0.72
-5.33308772647 0.00363309265345 -3.33 0.72
-5.23625248707 0.0456495910301 -2.56 0.72
-5.03768621742 0.0316947708489 -2.79 0.72
-5.93646919304 0.122422091424 -0.84 0.72
-2.38338171345 0.0211585230612 -0.09 2.39
-3.903599935 0.0190832126608 0.69 0.72
-4.51543033573 0.0202288728896 0.05 1.2
-5.1998166663 0.72
-5.0298166663 0.72
-4.3798166663 0.72
-10.0598166663 0.72
-3.4398166663 0.72
-5.4498166663 0.72
-6.13880331362 0.72
-6.36880331362 0.72
-4.41880331362 0.72
-3.66880331362 2.39
-2.88880331362 0.72
-3.52880331362 1.2
              Metadynamics.txt    1.00   0.25   -0.00   1.44    0.59   0.18    1.37   0.32    0.00   0.29    1.10   0.22    0.41   0.14
-5.04397188061 0.00627490369933 -2.26 0.06
-4.24909345614 0.0126884194228 0.39 0.05
-5.06283335446 0.00745433128846 -5.59 0.22
-9.36979858682 0.00238786242866 -7.37 0.09
-4.5001149933 0.00103814449189 -4.7 0.15
-5.33308772647 0.00363309265345 -2.04 0.06
-5.23625248707 0.0456495910301 -0.24 0.09
-5.03768621742 0.0316947708489 0.52 0.16
-5.93646919304 0.122422091424 -4.42 0.13
-2.38338171345 0.0211585230612 -8.34 0.07
-3.903599935 0.0190832126608 -2.69 0.23
-4.51543033573 0.0202288728896 -0.58 0.08
-4.25814999963 0.06
-1.60814999963 0.05
-7.58814999963 0.22
-9.36814999963 0.09
-6.69814999963 0.15
-4.03814999963 0.06
-2.11713664695 0.09
-1.35713664695 0.16
-6.29713664695 0.13
-10.217136647 0.07
-4.56713664695 0.23
-2.45713664695 0.08
               MMPBSA-GAFF.txt    0.31   0.02   -3.49   0.11    0.03   0.00    3.03   0.03    0.00   0.04    2.27   0.04    0.05   0.03
-5.04397188061 0.00627490369933 -5.14 0.0
-4.24909345614 0.0126884194228 -4.85 0.0
-5.06283335446 0.00745433128846 -6.76 0.0
-9.36979858682 0.00238786242866 -10.56 0.0
-4.5001149933 0.00103814449189 -6.92 0.0
-5.33308772647 0.00363309265345 -6.26 0.0
-5.23625248707 0.0456495910301 -4.8 0.0
-5.03768621742 0.0316947708489 -5.76 0.0
-5.93646919304 0.122422091424 -6.85 0.0
-2.38338171345 0.0211585230612 -11.41 0.0
-3.903599935 0.0190832126608 -6.71 0.0
-4.51543033573 0.0202288728896 -7.46 0.0
-3.9848166663 0.0
-3.6948166663 0.0
-5.6048166663 0.0
-9.4048166663 0.0
-5.7648166663 0.0
-5.1048166663 0.0
-2.13713664695 0.0
-3.09713664695 0.0
-4.18713664695 0.0
-8.74713664695 0.0
-4.04713664695 0.0
-4.79713664695 0.0
                  MovTyp-1.txt    0.33   0.01   -3.38   0.04    0.06   0.00    2.24   0.01   -0.00   0.01    1.44   0.01   -0.01   0.03
-5.04397188061 0.00627490369933 -3.61 0.0
-4.24909345614 0.0126884194228 -3.55 0.0
-5.06283335446 0.00745433128846 -6.44 0.0
-9.36979858682 0.00238786242866 -10.7 0.0
-4.5001149933 0.00103814449189 -6.36 0.0
-5.33308772647 0.00363309265345 -6.49 0.0
-5.23625248707 0.0456495910301 -3.49 0.0
-5.03768621742 0.0316947708489 -4.65 0.0
-5.93646919304 0.122422091424 -6.95 0.0
-2.38338171345 0.0211585230612 -11.63 0.0
-3.903599935 0.0190832126608 -5.88 0.0
-4.51543033573 0.0202288728896 -8.13 0.0
-3.01148333297 0.0
-2.95148333297 0.0
-5.84148333297 0.0
-10.101483333 0.0
-5.76148333297 0.0
-5.89148333297 0.0
-1.20380331362 0.0
-2.36380331362 0.0
-4.66380331362 0.0
-9.34380331362 0.0
-3.59380331362 0.0
-5.84380331362 0.0
                  MovTyp-2.txt    0.42   0.01   -2.95   0.05    0.06   0.00    2.65   0.01   -0.00   0.01    1.94   0.01    0.06   0.03
-5.04397188061 0.00627490369933 -4.5298 0.6252
-4.24909345614 0.0126884194228 -2.7867 0.7039
-5.06283335446 0.00745433128846 -4.5186 1.2555
-9.36979858682 0.00238786242866 -7.8473 1.3391
-4.5001149933 0.00103814449189 -1.6998 0.5086
-5.33308772647 0.00363309265345 -4.9563 1.58597
-5.23625248707 0.0456495910301 -4.2059 0.8373
-5.03768621742 0.0316947708489 -7.1654 0.6812
-5.93646919304 0.122422091424 -6.5466 1.5015
-2.38338171345 0.0211585230612 -9.9533 2.4739
-3.903599935 0.0190832126608 -2.6197 0.6846
-4.51543033573 0.0202288728896 -7.0498 0.3907
-5.73319999963 0.6252
-3.99009999963 0.7039
-5.72199999963 1.2555
-9.05069999963 1.3391
-2.90319999963 0.5086
-6.15969999963 1.58597
-2.45125331362 0.8373
-5.41075331362 0.6812
-4.79195331362 1.5015
-8.19865331362 2.4739
-0.865053313618 0.6846
-5.29515331362 0.3907
              PERT-bound-c.txt    0.52   0.31   -2.43   1.64    0.16   0.15    2.44   0.51    0.00   0.35    1.77   0.29    0.25   0.13
-5.04397188061 0.00627490369933 -7.6786 0.7137
-4.24909345614 0.0126884194228 -2.7867 0.7039
-5.06283335446 0.00745433128846 -4.8546 1.1195
-9.36979858682 0.00238786242866 -8.1633 1.519
-4.5001149933 0.00103814449189 -1.7579 0.1134
-5.33308772647 0.00363309265345 -4.9563 1.58597
-5.23625248707 0.0456495910301 -6.1526 0.9868
-5.03768621742 0.0316947708489 -7.1654 0.6812
-5.93646919304 0.122422091424 -6.5466 1.5015
-2.38338171345 0.0211585230612 -9.9533 2.4739
-3.903599935 0.0190832126608 -2.6197 0.6846
-4.51543033573 0.0202288728896 -7.0498 0.3907
-8.23884999963 0.7137
-3.34694999963 0.7039
-5.41484999963 1.1195
-8.72354999963 1.519
-2.31814999963 0.1134
-5.51654999963 1.58597
-4.07350331362 0.9868
-5.08630331362 0.6812
-4.46750331362 1.5015
-7.87420331362 2.4739
-0.540603313618 0.6846
-4.97070331362 0.3907
                PERT-bound.txt    0.54   0.33   -2.32   1.71    0.15   0.14    2.52   0.48   -0.00   0.35    1.90   0.29    0.27   0.12
-5.04397188061 0.00627490369933 -4.2914 1.0071
-4.24909345614 0.0126884194228 -2.254 0.2823
-5.06283335446 0.00745433128846 -3.4859 0.0687
-9.36979858682 0.00238786242866 -5.0005 0.1456
-4.5001149933 0.00103814449189 -1.6998 0.5086
-5.33308772647 0.00363309265345 -4.1243 0.1989
-5.23625248707 0.0456495910301 -4.2402 0.4387
-5.03768621742 0.0316947708489 -5.3244 0.3978
-5.93646919304 0.122422091424 -6.5466 1.5015
-2.38338171345 0.0211585230612 -10.541 1.0574
-3.903599935 0.0190832126608 -2.6197 0.6846
-4.51543033573 0.0202288728896 -7.0498 0.3907
-6.4085666663 1.0071
-4.3711666663 0.2823
-5.6030666663 0.0687
-7.1176666663 0.1456
-3.8169666663 0.5086
-6.2414666663 0.1989
-2.68871998028 0.4387
-3.77291998028 0.3978
-4.99511998028 1.5015
-8.98951998028 1.0574
-1.06821998028 0.6846
-5.49831998028 0.3907
              PERT-hrex-c1.txt    0.13   0.11   -4.38   0.64    0.02   0.02    2.50   0.26   -0.00   0.20    1.81   0.17    0.18   0.09
-5.04397188061 0.00627490369933 -4.5436 0.2461
-4.24909345614 0.0126884194228 -3.2001 0.2514
-5.06283335446 0.00745433128846 -3.4859 0.0687
-9.36979858682 0.00238786242866 -4.4176 0.5694
-4.5001149933 0.00103814449189 -1.6998 0.5086
-5.33308772647 0.00363309265345 -4.1243 0.1989
-5.23625248707 0.0456495910301 -4.288 0.0243
-5.03768621742 0.0316947708489 -4.73504 0.3246
-5.93646919304 0.122422091424 -6.5466 1.5015
-2.38338171345 0.0211585230612 -6.6974 0.3111
-3.903599935 0.0190832126608 -2.6197 0.6846
-4.51543033573 0.0202288728896 -5.3403 1.0884
-6.55819999963 0.2461
-5.21469999963 0.2514
-5.50049999963 0.0687
-6.43219999963 0.5694
-3.71439999963 0.5086
-6.13889999963 0.1989
-3.75229664695 0.0243
-4.19933664695 0.3246
-6.01089664695 1.5015
-6.16169664695 0.3111
-2.08399664695 0.6846
-4.80459664695 1.0884
              PERT-hrex-c2.txt    0.28   0.11   -3.65   0.52    0.10   0.06    1.79   0.14    0.00   0.18    1.46   0.14    0.26   0.11
-5.04397188061 0.00627490369933 -4.5436 0.2461
-4.24909345614 0.0126884194228 -3.2001 0.2514
-5.06283335446 0.00745433128846 -3.4859 0.0687
-9.36979858682 0.00238786242866 -5.0005 0.1456
-4.5001149933 0.00103814449189 -1.6998 0.5086
-5.33308772647 0.00363309265345 -4.1243 0.1989
-5.23625248707 0.0456495910301 -6.4207 0.7757
-5.03768621742 0.0316947708489 -5.3244 0.3978
-5.93646919304 0.122422091424 -6.5466 1.5015
-2.38338171345 0.0211585230612 -10.541 1.0574
-3.903599935 0.0190832126608 -2.9185 0.7333
-4.51543033573 0.0202288728896 -7.0498 0.3907
-6.46104999963 0.2461
-5.11754999963 0.2514
-5.40334999963 0.0687
-6.91794999963 0.1456
-3.61724999963 0.5086
-6.04174999963 0.1989
-4.45600331362 0.7757
-3.35970331362 0.3978
-4.58190331362 1.5015
-8.57630331362 1.0574
-0.953803313618 0.7333
-5.08510331362 0.3907
               PERT-hrex-c.txt    0.13   0.11   -4.39   0.64    0.02   0.03    2.37   0.26   -0.00   0.19    1.72   0.17    0.19   0.10
-5.04397188061 0.00627490369933 -6.4207 0.7757
-4.24909345614 0.0126884194228 -3.2001 0.2514
-5.06283335446 0.00745433128846 -3.4859 0.0687
-9.36979858682 0.00238786242866 -5.0005 0.1456
-4.5001149933 0.00103814449189 -1.7579 0.1134
-5.33308772647 0.00363309265345 -4.1243 0.1989
-5.23625248707 0.0456495910301 -6.4207 0.7757
-5.03768621742 0.0316947708489 -5.3244 0.3978
-5.93646919304 0.122422091424 -6.5466 1.5015
-2.38338171345 0.0211585230612 -10.541 1.0574
-3.903599935 0.0190832126608 -2.9185 0.7333
-4.51543033573 0.0202288728896 -7.0498 0.3907
-8.0156166663 0.7757
-4.7950166663 0.2514
-5.0808166663 0.0687
-6.5954166663 0.1456
-3.3528166663 0.1134
-5.7192166663 0.1989
-4.45600331362 0.7757
-3.35970331362 0.3978
-4.58190331362 1.5015
-8.57630331362 1.0574
-0.953803313618 0.7333
-5.08510331362 0.3907
                 PERT-hrex.txt    0.09   0.11   -4.57   0.64    0.01   0.02    2.51   0.26   -0.00   0.20    1.82   0.18    0.18   0.09
-5.04397188061 0.00627490369933 -8.58 0.31
-4.24909345614 0.0126884194228 -6.91 0.22
-5.06283335446 0.00745433128846 -9.05 0.19
-9.36979858682 0.00238786242866 -14.31 1.32
-4.5001149933 0.00103814449189 -8.73 0.36
-5.33308772647 0.00363309265345 -7.88 0.1
-5.23625248707 0.0456495910301 -8.38 0.11
-5.03768621742 0.0316947708489 -9.21 0.74
-5.93646919304 0.122422091424 -9.1 0.03
-2.38338171345 0.0211585230612 -5.01 0.13
-3.903599935 0.0190832126608 -8.41 0.74
-4.51543033573 0.0202288728896 -7.3 0.17
-4.9298166663 0.31
-3.2598166663 0.22
-5.3998166663 0.19
-10.6598166663 1.32
-5.0798166663 0.36
-4.2298166663 0.1
-4.98046998028 0.11
-5.81046998028 0.74
-5.70046998028 0.03
-1.61046998028 0.13
-5.01046998028 0.74
-3.90046998028 0.17
                    SOMD-1.txt    1.23   0.20    1.14   0.91    0.85   0.06    0.91   0.20   -0.00   0.15    0.73   0.12    0.50   0.09
-5.04397188061 0.00627490369933 -8.6 0.3
-4.24909345614 0.0126884194228 -6.89 0.15
-5.06283335446 0.00745433128846 -8.93 0.15
-9.36979858682 0.00238786242866 -14.45 1.18
-4.5001149933 0.00103814449189 -8.73 0.37
-5.33308772647 0.00363309265345 -7.82 0.1
-5.23625248707 0.0456495910301 -8.44 0.03
-5.03768621742 0.0316947708489 -9.26 0.68
-5.93646919304 0.122422091424 -9.09 0.01
-2.38338171345 0.0211585230612 -5.04 0.21
-3.903599935 0.0190832126608 -8.36 0.81
-4.51543033573 0.0202288728896 -7.29 0.16
-4.95648333297 0.3
-3.24648333297 0.15
-5.28648333297 0.15
-10.806483333 1.18
-5.08648333297 0.37
-4.17648333297 0.1
-5.02880331362 0.03
-5.84880331362 0.68
-5.67880331362 0.01
-1.62880331362 0.21
-4.94880331362 0.81
-3.87880331362 0.16
                    SOMD-2.txt    1.25   0.18    1.25   0.83    0.85   0.06    0.92   0.19    0.00   0.14    0.72   0.12    0.50   0.09
-5.04397188061 0.00627490369933 -6.94 0.3
-4.24909345614 0.0126884194228 -5.23 0.15
-5.06283335446 0.00745433128846 -7.28 0.14
-9.36979858682 0.00238786242866 -12.79 1.18
-4.5001149933 0.00103814449189 -7.7 0.37
-5.33308772647 0.00363309265345 -6.16 0.1
-5.23625248707 0.0456495910301 -6.78 0.03
-5.03768621742 0.0316947708489 -7.59 0.67
-5.93646919304 0.122422091424 -7.42 0.01
-2.38338171345 0.0211585230612 -3.36 0.21
-3.903599935 0.0190832126608 -6.69 0.81
-4.51543033573 0.0202288728896 -5.61 0.16
-4.8498166663 0.3
-3.1398166663 0.15
-5.1898166663 0.14
-10.6998166663 1.18
-5.6098166663 0.37
-4.0698166663 0.1
-5.04046998028 0.03
-5.85046998028 0.67
-5.68046998028 0.01
-1.62046998028 0.21
-4.95046998028 0.81
-3.87046998028 0.16
                    SOMD-3.txt    1.23   0.18    1.13   0.83    0.83   0.06    0.97   0.18   -0.00   0.14    0.77   0.12    0.45   0.09
-5.04397188061 0.00627490369933 -14.19 0.3
-4.24909345614 0.0126884194228 -11.96 0.24
-5.06283335446 0.00745433128846 4.99 0.06
-9.36979858682 0.00238786242866 -21.54 1.37
-4.5001149933 0.00103814449189 6.92 0.53
-5.33308772647 0.00363309265345 -13.37 0.27
-5.23625248707 0.0456495910301 -14.02 0.55
-5.03768621742 0.0316947708489 -14.6 0.67
-5.93646919304 0.122422091424 5.85 0.01
-2.38338171345 0.0211585230612 -12.4 0.04
-3.903599935 0.0190832126608 8.67 0.94
-4.51543033573 0.0202288728896 -11.97 0.08
-11.591483333 0.3
-9.36148333297 0.24
7.58851666703 0.06
-18.941483333 1.37
9.51851666703 0.53
-10.771483333 0.27
-12.1104699803 0.55
-12.6904699803 0.67
7.75953001972 0.01
-10.4904699803 0.04
10.5795300197 0.94
-10.0604699803 0.08
                    SOMD-4.txt    1.94   0.22    4.73   1.02    0.09   0.02    9.79   0.18   -0.00   0.17    9.14   0.17    0.31   0.04
ExpSaltDep-OAH.txt
     Name                 Slope       Interc.      R^2           RMSE          MSE          MUE          TAU
-5.04397188061 0.00627490369933 -3.4717 1.145
-4.24909345614 0.0126884194228 -2.7469 0.3286
-5.06283335446 0.00745433128846 -4.0022 0.5163
-9.36979858682 0.00238786242866 -5.5937 1.1267
-4.5001149933 0.00103814449189 -1.6998 0.5086
-5.33308772647 0.00363309265345 -4.5186 0.2918
-5.39269999963 1.145
-4.66789999963 0.3286
-5.92319999963 0.5163
-7.51469999963 1.1267
-3.62079999963 0.5086
-6.43959999963 0.2918
            PERT-combo-OAH.txt    0.58   0.24   -2.36   1.26    0.53   0.23    1.23   0.33   -0.00   0.30    1.03   0.25    0.68   0.17
ExpSaltDep-OAMe.txt
     Name                 Slope       Interc.      R^2           RMSE          MSE          MUE          TAU
-5.23625248707 0.0456495910301 0.0 0.28
-5.03768621742 0.0316947708489 -2.32 0.13
-5.93646919304 0.122422091424 0.66 0.19
-2.38338171345 0.0211585230612 -6.37 0.27
-3.903599935 0.0190832126608 -0.06 0.07
-4.51543033573 0.0202288728896 -0.35 0.1
-3.09546998028 0.28
-5.41546998028 0.13
-2.43546998028 0.19
-9.46546998028 0.27
-3.15546998028 0.07
-3.44546998028 0.1
          MMPBSA-OPLS-OAMe.txt   -1.71   0.10  -12.20   0.45    0.65   0.02    3.39   0.11   -0.00   0.08    2.49   0.08   -0.53   0.09
ExpSaltDep.txt
     Name                 Slope       Interc.      R^2           RMSE          MSE          MUE          TAU
-5.04397188061 0.00627490369933 0.0 0.0
-4.24909345614 0.0126884194228 0.0 0.0
-5.06283335446 0.00745433128846 0.0 0.0
-9.36979858682 0.00238786242866 0.0 0.0
-4.5001149933 0.00103814449189 0.0 0.0
-5.33308772647 0.00363309265345 0.0 0.0
-5.23625248707 0.0456495910301 0.0 0.0
-5.03768621742 0.0316947708489 0.0 0.0
-5.93646919304 0.122422091424 0.0 0.0
-2.38338171345 0.0211585230612 0.0 0.0
-3.903599935 0.0190832126608 0.0 0.0
-4.51543033573 0.0202288728896 0.0 0.0
-5.59314999963 0.0
-5.59314999963 0.0
-5.59314999963 0.0
-5.59314999963 0.0
-5.59314999963 0.0
-5.59314999963 0.0
-4.50213664695 0.0
-4.50213664695 0.0
-4.50213664695 0.0
-4.50213664695 0.0
-4.50213664695 0.0
-4.50213664695 0.0
                      Null.txt    0.12   0.00   -4.43   0.02    0.12   0.01    1.46   0.01   -0.00   0.01    1.08   0.01    0.19   0.04
ExpSaltDep.txt
     Name                 Slope       Interc.      R^2           RMSE          MSE          MUE          TAU
-5.04397188061 0.00627490369933 -4.0 1.0
-4.24909345614 0.0126884194228 -5.5 1.0
-5.06283335446 0.00745433128846 -5.0 1.0
-9.36979858682 0.00238786242866 -7.0 1.0
-4.5001149933 0.00103814449189 -6.0 1.0
-5.33308772647 0.00363309265345 -6.0 1.0
-5.23625248707 0.0456495910301 -4.0 1.0
-5.03768621742 0.0316947708489 -5.5 1.0
-5.93646919304 0.122422091424 -5.0 1.0
-2.38338171345 0.0211585230612 -7.0 1.0
-3.903599935 0.0190832126608 -6.0 1.0
-4.51543033573 0.0202288728896 -6.0 1.0
-4.0098166663 1.0
-5.5098166663 1.0
-5.0098166663 1.0
-7.0098166663 1.0
-6.0098166663 1.0
-6.0098166663 1.0
-2.91880331362 1.0
-4.41880331362 1.0
-3.91880331362 1.0
-5.91880331362 1.0
-4.91880331362 1.0
-4.91880331362 1.0
                      Dumb.txt    0.15   0.18   -4.29   0.98    0.07   0.08    1.95   0.27   -0.00   0.29    1.59   0.24   -0.08   0.15
ExpSaltDep.txt
     Name                 Slope       Interc.      R^2           RMSE          MSE          MUE          TAU
-5.04397188061 0.00627490369933 -3.86 1.0
-4.24909345614 0.0126884194228 -7.2 1.0
-5.06283335446 0.00745433128846 -6.09 1.0
-9.36979858682 0.00238786242866 -10.54 1.0
-4.5001149933 0.00103814449189 -8.32 1.0
-5.33308772647 0.00363309265345 -8.32 1.0
-5.23625248707 0.0456495910301 -3.86 1.0
-5.03768621742 0.0316947708489 -7.2 1.0
-5.93646919304 0.122422091424 -6.09 1.0
-2.38338171345 0.0211585230612 -10.54 1.0
-3.903599935 0.0190832126608 -8.32 1.0
-4.51543033573 0.0202288728896 -8.32 1.0
-2.0648166663 1.0
-5.4048166663 1.0
-4.2948166663 1.0
-8.7448166663 1.0
-6.5248166663 1.0
-6.5248166663 1.0
-0.973803313618 1.0
-4.31380331362 1.0
-3.20380331362 1.0
-7.65380331362 1.0
-5.43380331362 1.0
-5.43380331362 1.0
                     Null2.txt    0.18   0.19   -4.12   0.98    0.03   0.04    2.66   0.28    0.00   0.29    2.13   0.26   -0.17   0.10
